14.724145165476942
51.99586630018576
61.614773609826
30.80789634077778
60.4701571931724
66.63690064167407
33.36836614243375
38.52823986157838
35.61320896354399
43.100564077168904
55.15817418388489
13.202202003576462
13.17832505209956
32.8367418718058
66.04925829295743
49.77398753902116
36.65852062787556
13.202202003576462
13.202202003576462
13.202202003576462
35.71356782775801
41.949630531150135
65.4971166062886
31.167122447746554
47.30922546309269
26.166304583655617
23.906126321987202
57.54345852946601
36.34985234057943
61.00561294407248
37.00428072949889
13.202202003576462
31.072881425484905
61.92912804587245
33.812004447387125
38.84432286339363
64.04180845079993
34.52546606224605
35.65680400627772
13.202202003576462
46.21543459621732
32.80196961568935
52.24335280151678
58.76535696082671
41.594230137996476
57.082141229710885
26.40538454262437
75.66450943790106
34.338490028515615
23.027722407368245
13.202202003576462
44.6845022549159
25.60968715767648
13.202202003576462
64.49254984735403
53.56828571563205
32.093276579343005
42.54331879608155
27.47969570031952
29.960766979877224
27.128521993271686
41.538444715413206
32.89746074008745
43.53409339172746
63.41900048048748
46.84120702947999
50.519830577517524
44.12817761973811
27.884182454021772
49.499003852231226
13.202202003576462
15.599933782327152
13.202202003576462
65.75943964375719
22.516476697464835
50.67520987783216
28.540964653632557
60.931327951165315
43.10910146864186
60.62171696745729
37.72271103236291
37.965545757310416
56.79839222599266
48.41647872606704
34.78765110794544
55.90073804750342
13.202202003576462
29.232712008464027
56.55205543346337
54.91561412129394
36.055248138499636
35.35103824612119
62.95861291478724
54.9340644533658
47.05644401129035
22.53718395787106
55.50059293090203
26.85893143608328
68.90883712277586
20.918634597937896
16.19100592098681
15.886009428746302
34.46851987375176
42.38955163240236
13.202202003576462
39.173758915617626
15.16186959319415
26.918539761178472
46.56926948084918
68.59622843517394
63.409139533097864
22.904411674473174
13.45040547734463
33.78219878873984
32.88100531713987
52.48924786477497
27.345247591992507
13.202202003576462
67.23280714083148
78.66437315401973
13.202202003576462
23.744759739495464
63.379318041242655
13.202202003576462
32.42617468408377
38.7887215410677
15.840323880348818
43.69995268215172
44.74704487844965
23.703208603079812
46.462305648694155
31.183926454559273
13.202202003576462
13.31058934940487
13.202202003576462
28.773864633233078
13.202202003576462
28.141871041387862
45.319723087594035
60.54625127714891
13.202202003576462
31.590029457619245
37.71342364802884
39.882366297951215
44.447909283805295
37.07653529106622
61.97200164647142
13.202202003576462
13.202202003576462
21.653990038051443
27.39448266599203
33.52993917099857
12.927059512495811
33.1387286283689
35.7999532070633
37.071156815266534
60.066869550659426
38.4997201876308
30.571780373030585
34.530997029112676
40.4600932209062
62.381430282200384
29.604581302223192
45.270174548340954
13.202202003576462
54.3851968773695
60.27109326892321
42.690231466802544
53.46188862849371
66.25204960009991
56.52780988774298
37.55550694557202
19.733178441921385
22.686256666775478
46.22280934461069
54.17197952866076
50.33097847299721
13.202202003576462
67.72927763157614
29.029361229421944
31.064235764739593
63.915900960326695
42.358133980971324
17.898514295018373
40.33852199534672
70.22188198760962
35.61401658815793
33.94088071418799
39.63767599313341
65.76776681953862
13.202202003576462
13.202202003576462
63.884751644515475
59.43111333397685
42.92274279696695
69.2120662280998
27.425224525402705
48.54819848167965
37.01826416069899
13.202202003576462
51.22431884038869
72.04575198641247
34.199663883673665
54.1696969786479
27.04616387969989
60.27267214850027
13.202202003576462
41.944835038495576
31.180023768879586
45.95972077459108
17.901591966457428
31.617177672341853
56.44075682582564
13.202202003576462
13.202202003576462
38.83982618712081
13.90659636666466
20.3999140584592
19.16880755856532
57.43671753930516
47.70430189046449
44.883270838768574
35.7216522165346
46.24242812110639
62.835535970311255
38.992845984262
49.91450075454131
59.15558520701597
60.3818932295477
37.84020384953311
37.87071045097035
26.324864717684832
40.52898070580391
14.334919930351406
13.202202003576462
13.202202003576462
48.255086587332286
56.338334775956305
52.956449480264766
39.02746158608619
34.64258603522065
25.14762216610468
35.145975271875145
40.17440379198302
39.49645941483962
37.26753570539465
54.44264779227711
65.94192906545764
63.87243618408362
28.026362537772776
20.91765395638724
48.77944267229972
34.86456041292968
58.59031014554846
64.64559997901127
60.44608792574467
39.44911022507471
48.03681055443735
42.57413639844608
34.97965153498138
19.087393525102684
46.16380025238047
40.5405943927688
64.91168948169017
64.48371222154306
42.05795487866084
47.87431016438154
38.75783806094029
57.44191006665893
66.50638273916876
22.8998012008096
45.680746678878045
48.68153063108862
38.98064643695437
13.202202003576462
13.202202003576462
35.14386246471187
60.98215273290975
67.7974490212392
13.202202003576462
13.202202003576462
21.983388318288682
26.750519734999912
34.902141978396095
14.764339752823252
54.63160043439552
53.11659319649031
26.70705258417428
30.500091589513687
42.46902036558956
35.23485295628101
37.54784883771869
39.96615134030333
45.01015940621466
34.38462055128279
23.178745639874922
35.72924565247573
34.22400709142381
26.562349185580842
33.514679785588385
56.903736275122476
41.064700406075886
18.807283744878013
48.37762166864135
75.26919070004942
50.68249640381192
62.18491951458995
67.66836964296849
48.717737913004015
28.552127950605293
24.571799725317746
47.86306685077086
25.54000722510975
44.717916546443334
21.367008741084568
62.89371981248492
65.231054500717
22.348065208528254
66.04587809106982
61.13701099342278
13.830480421296157
53.561198560142365
13.202202003576462
36.64186640804823
31.42887872252286
37.0193150948494
40.05194638898607
63.737451452950346
47.871392839866274
40.97741970377184
